35,1
35,3
3,2
3,1
3,3
10,234
10,100
10,136
10,254
10,172
10,154
10,306
10,1
10,140
10,2
10,3
11,10
11,6
11,1
11,16
11,2
11,3
9,7
9,6
9,1
9,4
9,2
9,3
8,7
8,5
8,15
8,14
8,12
8,1
8,10
8,2
8,3
0,318
12,2
12,1
12,3
20,2
20,1
20,3
19,2
19,1
19,3
46,5
46,3
46,1
40,7
40,6
40,5
40,4
40,3
40,2
40,1
38,34
38,33
38,32
38,31
38,30
38,29
38,28
38,27
38,26
38,25
38,24
38,23
38,22
38,21
38,20
38,19
38,18
38,17
38,4
38,3
38,2
38,1
38,0
37,7
37,6
37,5
37,1
37,4
37,3
36,14
36,12
36,11
36,10
36,9
36,8
36,7
36,6
36,5
36,4
36,3
36,2
36,1
36,0
34,1
34,3
34,2
32,4
32,3
32,1
31,4
31,3
31,1
30,4
30,3
30,2
30,1
29,142
29,141
29,140
29,139
29,138
29,137
29,136
29,135
29,134
